{
  "axes_projection": {
    "seed_42": {
      "layer_0": {
        "axis_0": {
          "mean": -0.2470286339521408,
          "std": 0.18332140147686005
        },
        "axis_1": {
          "mean": -0.11051251739263535,
          "std": 0.13527938723564148
        },
        "axis_2": {
          "mean": -0.0940333753824234,
          "std": 0.05767916515469551
        },
        "axis_3": {
          "mean": -0.05684215947985649,
          "std": 0.0370638407766819
        }
      },
      "layer_2": {
        "axis_0": {
          "mean": -9.38139820098877,
          "std": 1.9009664058685303
        },
        "axis_1": {
          "mean": -7.619575500488281,
          "std": 1.574722409248352
        },
        "axis_2": {
          "mean": -3.0151848793029785,
          "std": 0.4057864248752594
        },
        "axis_3": {
          "mean": -2.022531747817993,
          "std": 0.352400541305542
        }
      },
      "layer_3": {
        "axis_0": {
          "mean": -11.53239917755127,
          "std": 3.346778631210327
        },
        "axis_1": {
          "mean": -9.28901195526123,
          "std": 2.729975461959839
        },
        "axis_2": {
          "mean": 1.4154574871063232,
          "std": 0.7792627811431885
        },
        "axis_3": {
          "mean": 2.2936458587646484,
          "std": 0.9758507013320923
        }
      }
    },
    "seed_123": {
      "layer_0": {
        "axis_0": {
          "mean": -0.2470286339521408,
          "std": 0.18332140147686005
        },
        "axis_1": {
          "mean": -0.11051251739263535,
          "std": 0.13527938723564148
        },
        "axis_2": {
          "mean": -0.0940333753824234,
          "std": 0.05767916515469551
        },
        "axis_3": {
          "mean": -0.05684215947985649,
          "std": 0.0370638407766819
        }
      },
      "layer_2": {
        "axis_0": {
          "mean": -9.38139820098877,
          "std": 1.9009664058685303
        },
        "axis_1": {
          "mean": -7.619575500488281,
          "std": 1.574722409248352
        },
        "axis_2": {
          "mean": -3.0151848793029785,
          "std": 0.4057864248752594
        },
        "axis_3": {
          "mean": -2.022531747817993,
          "std": 0.352400541305542
        }
      },
      "layer_3": {
        "axis_0": {
          "mean": -11.53239917755127,
          "std": 3.346778631210327
        },
        "axis_1": {
          "mean": -9.28901195526123,
          "std": 2.729975461959839
        },
        "axis_2": {
          "mean": 1.4154574871063232,
          "std": 0.7792627811431885
        },
        "axis_3": {
          "mean": 2.2936458587646484,
          "std": 0.9758507013320923
        }
      }
    },
    "seed_7": {
      "layer_0": {
        "axis_0": {
          "mean": -0.2470286339521408,
          "std": 0.18332140147686005
        },
        "axis_1": {
          "mean": -0.11051251739263535,
          "std": 0.13527938723564148
        },
        "axis_2": {
          "mean": -0.0940333753824234,
          "std": 0.05767916515469551
        },
        "axis_3": {
          "mean": -0.05684215947985649,
          "std": 0.0370638407766819
        }
      },
      "layer_2": {
        "axis_0": {
          "mean": -9.38139820098877,
          "std": 1.9009664058685303
        },
        "axis_1": {
          "mean": -7.619575500488281,
          "std": 1.574722409248352
        },
        "axis_2": {
          "mean": -3.0151848793029785,
          "std": 0.4057864248752594
        },
        "axis_3": {
          "mean": -2.022531747817993,
          "std": 0.352400541305542
        }
      },
      "layer_3": {
        "axis_0": {
          "mean": -11.53239917755127,
          "std": 3.346778631210327
        },
        "axis_1": {
          "mean": -9.28901195526123,
          "std": 2.729975461959839
        },
        "axis_2": {
          "mean": 1.4154574871063232,
          "std": 0.7792627811431885
        },
        "axis_3": {
          "mean": 2.2936458587646484,
          "std": 0.9758507013320923
        }
      }
    }
  },
  "axis_statistics": {
    "seed_42": {
      "layer_0": {
        "norms": [
          0.5280699133872986,
          0.4385607838630676,
          0.49213552474975586,
          0.47110190987586975
        ],
        "variance": [
          0.03649266064167023,
          0.026572635397315025,
          0.028316697105765343,
          0.026944223791360855
        ],
        "cosine_matrix": [
          [
            1.0,
            0.905936062335968,
            -0.38747870922088623,
            -0.45822349190711975
          ],
          [
            0.905936062335968,
            1.0,
            -0.30680036544799805,
            -0.3678925633430481
          ],
          [
            -0.38747870922088623,
            -0.30680036544799805,
            1.0000001192092896,
            0.987501859664917
          ],
          [
            -0.45822349190711975,
            -0.3678925633430481,
            0.987501859664917,
            1.0
          ]
        ]
      },
      "layer_2": {
        "norms": [
          10.296679496765137,
          8.76713752746582,
          9.094938278198242,
          8.850970268249512
        ],
        "variance": [
          0.5933455228805542,
          0.4320351481437683,
          0.4603365659713745,
          0.43800678849220276
        ],
        "cosine_matrix": [
          [
            1.0,
            0.990426778793335,
            -0.5449711680412292,
            -0.6077428460121155
          ],
          [
            0.990426778793335,
            0.9999999403953552,
            -0.5124613046646118,
            -0.5753023624420166
          ],
          [
            -0.5449711680412292,
            -0.5124613046646118,
            0.9999999403953552,
            0.9968592524528503
          ],
          [
            -0.6077428460121155,
            -0.5753023624420166,
            0.9968592524528503,
            1.0
          ]
        ]
      },
      "layer_3": {
        "norms": [
          9.608757019042969,
          8.180792808532715,
          8.488394737243652,
          8.260114669799805
        ],
        "variance": [
          1.414511799812317,
          1.0299420356750488,
          1.097374439239502,
          1.044128656387329
        ],
        "cosine_matrix": [
          [
            1.0,
            0.9903174042701721,
            -0.5445132255554199,
            -0.6073722839355469
          ],
          [
            0.9903174042701721,
            1.0000001192092896,
            -0.5118905305862427,
            -0.5748203992843628
          ],
          [
            -0.5445132255554199,
            -0.5118905305862427,
            1.0000001192092896,
            0.9968474507331848
          ],
          [
            -0.6073722839355469,
            -0.5748203992843628,
            0.9968474507331848,
            1.0
          ]
        ]
      }
    },
    "seed_123": {
      "layer_0": {
        "norms": [
          0.5280699133872986,
          0.4385607838630676,
          0.49213552474975586,
          0.47110190987586975
        ],
        "variance": [
          0.03649266064167023,
          0.026572635397315025,
          0.028316697105765343,
          0.026944223791360855
        ],
        "cosine_matrix": [
          [
            1.0,
            0.905936062335968,
            -0.38747870922088623,
            -0.45822349190711975
          ],
          [
            0.905936062335968,
            1.0,
            -0.30680036544799805,
            -0.3678925633430481
          ],
          [
            -0.38747870922088623,
            -0.30680036544799805,
            1.0000001192092896,
            0.987501859664917
          ],
          [
            -0.45822349190711975,
            -0.3678925633430481,
            0.987501859664917,
            1.0
          ]
        ]
      },
      "layer_2": {
        "norms": [
          10.296679496765137,
          8.76713752746582,
          9.094938278198242,
          8.850970268249512
        ],
        "variance": [
          0.5933455228805542,
          0.4320351481437683,
          0.4603365659713745,
          0.43800678849220276
        ],
        "cosine_matrix": [
          [
            1.0,
            0.990426778793335,
            -0.5449711680412292,
            -0.6077428460121155
          ],
          [
            0.990426778793335,
            0.9999999403953552,
            -0.5124613046646118,
            -0.5753023624420166
          ],
          [
            -0.5449711680412292,
            -0.5124613046646118,
            0.9999999403953552,
            0.9968592524528503
          ],
          [
            -0.6077428460121155,
            -0.5753023624420166,
            0.9968592524528503,
            1.0
          ]
        ]
      },
      "layer_3": {
        "norms": [
          9.608757019042969,
          8.180792808532715,
          8.488394737243652,
          8.260114669799805
        ],
        "variance": [
          1.414511799812317,
          1.0299420356750488,
          1.097374439239502,
          1.044128656387329
        ],
        "cosine_matrix": [
          [
            1.0,
            0.9903174042701721,
            -0.5445132255554199,
            -0.6073722839355469
          ],
          [
            0.9903174042701721,
            1.0000001192092896,
            -0.5118905305862427,
            -0.5748203992843628
          ],
          [
            -0.5445132255554199,
            -0.5118905305862427,
            1.0000001192092896,
            0.9968474507331848
          ],
          [
            -0.6073722839355469,
            -0.5748203992843628,
            0.9968474507331848,
            1.0
          ]
        ]
      }
    },
    "seed_7": {
      "layer_0": {
        "norms": [
          0.5280699133872986,
          0.4385607838630676,
          0.49213552474975586,
          0.47110190987586975
        ],
        "variance": [
          0.03649266064167023,
          0.026572635397315025,
          0.028316697105765343,
          0.026944223791360855
        ],
        "cosine_matrix": [
          [
            1.0,
            0.905936062335968,
            -0.38747870922088623,
            -0.45822349190711975
          ],
          [
            0.905936062335968,
            1.0,
            -0.30680036544799805,
            -0.3678925633430481
          ],
          [
            -0.38747870922088623,
            -0.30680036544799805,
            1.0000001192092896,
            0.987501859664917
          ],
          [
            -0.45822349190711975,
            -0.3678925633430481,
            0.987501859664917,
            1.0
          ]
        ]
      },
      "layer_2": {
        "norms": [
          10.296679496765137,
          8.76713752746582,
          9.094938278198242,
          8.850970268249512
        ],
        "variance": [
          0.5933455228805542,
          0.4320351481437683,
          0.4603365659713745,
          0.43800678849220276
        ],
        "cosine_matrix": [
          [
            1.0,
            0.990426778793335,
            -0.5449711680412292,
            -0.6077428460121155
          ],
          [
            0.990426778793335,
            0.9999999403953552,
            -0.5124613046646118,
            -0.5753023624420166
          ],
          [
            -0.5449711680412292,
            -0.5124613046646118,
            0.9999999403953552,
            0.9968592524528503
          ],
          [
            -0.6077428460121155,
            -0.5753023624420166,
            0.9968592524528503,
            1.0
          ]
        ]
      },
      "layer_3": {
        "norms": [
          9.608757019042969,
          8.180792808532715,
          8.488394737243652,
          8.260114669799805
        ],
        "variance": [
          1.414511799812317,
          1.0299420356750488,
          1.097374439239502,
          1.044128656387329
        ],
        "cosine_matrix": [
          [
            1.0,
            0.9903174042701721,
            -0.5445132255554199,
            -0.6073722839355469
          ],
          [
            0.9903174042701721,
            1.0000001192092896,
            -0.5118905305862427,
            -0.5748203992843628
          ],
          [
            -0.5445132255554199,
            -0.5118905305862427,
            1.0000001192092896,
            0.9968474507331848
          ],
          [
            -0.6073722839355469,
            -0.5748203992843628,
            0.9968474507331848,
            1.0
          ]
        ]
      }
    }
  },
  "semantic_separation": {
    "seed_42": {
      "mean_heads": {
        "U_real": {
          "silhouette": -0.029438745230436325,
          "separation_ratio": 1.8512723445892334,
          "per_axis": [
            {
              "axis": 0,
              "separation": 2.656374931335449,
              "pair": "unsafe-hallucination"
            },
            {
              "axis": 1,
              "separation": 2.191129684448242,
              "pair": "unsafe-hallucination"
            },
            {
              "axis": 3,
              "separation": 0.813852071762085,
              "pair": "unsafe-hallucination"
            },
            {
              "axis": 2,
              "separation": 0.6434882283210754,
              "pair": "unsafe-hallucination"
            }
          ]
        },
        "U_zero": {
          "silhouette": -0.029438745230436325,
          "separation_ratio": 1.8512723445892334,
          "per_axis": [
            {
              "axis": 0,
              "separation": 0.0,
              "pair": ""
            },
            {
              "axis": 1,
              "separation": 0.0,
              "pair": ""
            },
            {
              "axis": 2,
              "separation": 0.0,
              "pair": ""
            },
            {
              "axis": 3,
              "separation": 0.0,
              "pair": ""
            }
          ]
        },
        "U_random": {
          "silhouette": -0.029438745230436325,
          "separation_ratio": 1.8512723445892334,
          "per_axis": [
            {
              "axis": 0,
              "separation": 0.857114315032959,
              "pair": "safe-hallucination"
            },
            {
              "axis": 3,
              "separation": 0.6265437006950378,
              "pair": "safe-factual"
            },
            {
              "axis": 1,
              "separation": 0.6165947318077087,
              "pair": "safe-hallucination"
            },
            {
              "axis": 2,
              "separation": 0.6108251810073853,
              "pair": "factual-hallucination"
            }
          ]
        }
      },
      "best_head": {
        "head_idx": 0,
        "U_real": {
          "silhouette": -0.027961725369095802,
          "separation_ratio": 1.9389675855636597,
          "per_axis": [
            {
              "axis": 0,
              "separation": 3.0505170822143555,
              "pair": "safe-hallucination"
            },
            {
              "axis": 1,
              "separation": 2.504164218902588,
              "pair": "safe-hallucination"
            },
            {
              "axis": 3,
              "separation": 0.8411890268325806,
              "pair": "safe-hallucination"
            },
            {
              "axis": 2,
              "separation": 0.6359708905220032,
              "pair": "safe-hallucination"
            }
          ]
        }
      }
    },
    "seed_123": {
      "mean_heads": {
        "U_real": {
          "silhouette": -0.029438745230436325,
          "separation_ratio": 1.8512723445892334,
          "per_axis": [
            {
              "axis": 0,
              "separation": 2.656374931335449,
              "pair": "unsafe-hallucination"
            },
            {
              "axis": 1,
              "separation": 2.191129684448242,
              "pair": "unsafe-hallucination"
            },
            {
              "axis": 3,
              "separation": 0.813852071762085,
              "pair": "unsafe-hallucination"
            },
            {
              "axis": 2,
              "separation": 0.6434882283210754,
              "pair": "unsafe-hallucination"
            }
          ]
        },
        "U_zero": {
          "silhouette": -0.029438745230436325,
          "separation_ratio": 1.8512723445892334,
          "per_axis": [
            {
              "axis": 0,
              "separation": 0.0,
              "pair": ""
            },
            {
              "axis": 1,
              "separation": 0.0,
              "pair": ""
            },
            {
              "axis": 2,
              "separation": 0.0,
              "pair": ""
            },
            {
              "axis": 3,
              "separation": 0.0,
              "pair": ""
            }
          ]
        },
        "U_random": {
          "silhouette": -0.029438745230436325,
          "separation_ratio": 1.8512723445892334,
          "per_axis": [
            {
              "axis": 0,
              "separation": 0.7493540048599243,
              "pair": "safe-hallucination"
            },
            {
              "axis": 2,
              "separation": 0.6880317330360413,
              "pair": "unsafe-hallucination"
            },
            {
              "axis": 3,
              "separation": 0.6016966104507446,
              "pair": "unsafe-hallucination"
            },
            {
              "axis": 1,
              "separation": 0.24444130063056946,
              "pair": "safe-unsafe"
            }
          ]
        }
      },
      "best_head": {
        "head_idx": 0,
        "U_real": {
          "silhouette": -0.027961725369095802,
          "separation_ratio": 1.9389675855636597,
          "per_axis": [
            {
              "axis": 0,
              "separation": 3.0505170822143555,
              "pair": "safe-hallucination"
            },
            {
              "axis": 1,
              "separation": 2.504164218902588,
              "pair": "safe-hallucination"
            },
            {
              "axis": 3,
              "separation": 0.8411890268325806,
              "pair": "safe-hallucination"
            },
            {
              "axis": 2,
              "separation": 0.6359708905220032,
              "pair": "safe-hallucination"
            }
          ]
        }
      }
    },
    "seed_7": {
      "mean_heads": {
        "U_real": {
          "silhouette": -0.029438745230436325,
          "separation_ratio": 1.8512723445892334,
          "per_axis": [
            {
              "axis": 0,
              "separation": 2.656374931335449,
              "pair": "unsafe-hallucination"
            },
            {
              "axis": 1,
              "separation": 2.191129684448242,
              "pair": "unsafe-hallucination"
            },
            {
              "axis": 3,
              "separation": 0.813852071762085,
              "pair": "unsafe-hallucination"
            },
            {
              "axis": 2,
              "separation": 0.6434882283210754,
              "pair": "unsafe-hallucination"
            }
          ]
        },
        "U_zero": {
          "silhouette": -0.029438745230436325,
          "separation_ratio": 1.8512723445892334,
          "per_axis": [
            {
              "axis": 0,
              "separation": 0.0,
              "pair": ""
            },
            {
              "axis": 1,
              "separation": 0.0,
              "pair": ""
            },
            {
              "axis": 2,
              "separation": 0.0,
              "pair": ""
            },
            {
              "axis": 3,
              "separation": 0.0,
              "pair": ""
            }
          ]
        },
        "U_random": {
          "silhouette": -0.029438745230436325,
          "separation_ratio": 1.8512723445892334,
          "per_axis": [
            {
              "axis": 0,
              "separation": 0.9195047616958618,
              "pair": "safe-factual"
            },
            {
              "axis": 1,
              "separation": 0.8256232738494873,
              "pair": "safe-unsafe"
            },
            {
              "axis": 2,
              "separation": 0.6581928730010986,
              "pair": "safe-hallucination"
            },
            {
              "axis": 3,
              "separation": 0.5478558540344238,
              "pair": "safe-hallucination"
            }
          ]
        }
      },
      "best_head": {
        "head_idx": 0,
        "U_real": {
          "silhouette": -0.027961725369095802,
          "separation_ratio": 1.9389675855636597,
          "per_axis": [
            {
              "axis": 0,
              "separation": 3.0505170822143555,
              "pair": "safe-hallucination"
            },
            {
              "axis": 1,
              "separation": 2.504164218902588,
              "pair": "safe-hallucination"
            },
            {
              "axis": 3,
              "separation": 0.8411890268325806,
              "pair": "safe-hallucination"
            },
            {
              "axis": 2,
              "separation": 0.6359708905220032,
              "pair": "safe-hallucination"
            }
          ]
        }
      }
    }
  },
  "geometry_correlation": {
    "seed_42": {
      "geodesic_semantic": {
        "corr": 0.5447271466255188,
        "p_value": 0.0
      },
      "euclidean_semantic": {
        "corr": 0.5626140236854553,
        "p_value": 0.0
      },
      "random_semantic": {
        "corr": 0.477730929851532,
        "p_value": 0.0
      }
    },
    "seed_123": {
      "geodesic_semantic": {
        "corr": 0.5447271466255188,
        "p_value": 0.0
      },
      "euclidean_semantic": {
        "corr": 0.5626140236854553,
        "p_value": 0.0
      },
      "random_semantic": {
        "corr": 0.41882702708244324,
        "p_value": 0.0
      }
    },
    "seed_7": {
      "geodesic_semantic": {
        "corr": 0.5447271466255188,
        "p_value": 0.0
      },
      "euclidean_semantic": {
        "corr": 0.5626140236854553,
        "p_value": 0.0
      },
      "random_semantic": {
        "corr": 0.46929383277893066,
        "p_value": 0.0
      }
    }
  },
  "calibration": {
    "seed_42": {
      "ece": 0.03906186297535896,
      "mce": 0.0591995045542717,
      "brier": 0.4835072457790375,
      "perplexity": 483.5635986328125,
      "mean_confidence": 0.14989957213401794,
      "accuracy": 0.11084075272083282
    },
    "seed_123": {
      "ece": 0.03906186297535896,
      "mce": 0.0591995045542717,
      "brier": 0.4835072457790375,
      "perplexity": 483.5635986328125,
      "mean_confidence": 0.14989957213401794,
      "accuracy": 0.11084075272083282
    },
    "seed_7": {
      "ece": 0.03906186297535896,
      "mce": 0.0591995045542717,
      "brier": 0.4835072457790375,
      "perplexity": 483.5635986328125,
      "mean_confidence": 0.14989957213401794,
      "accuracy": 0.11084075272083282
    },
    "summary": {
      "ece": {
        "mean": 0.03906186297535896,
        "std": 0.0
      },
      "mce": {
        "mean": 0.0591995045542717,
        "std": 0.0
      },
      "brier": {
        "mean": 0.4835072457790375,
        "std": 0.0
      },
      "perplexity": {
        "mean": 483.5635986328125,
        "std": 0.0
      },
      "mean_confidence": {
        "mean": 0.14989957213401794,
        "std": 0.0
      },
      "accuracy": {
        "mean": 0.11084075272083282,
        "std": 0.0
      }
    }
  }
}