{
  "axes_projection": {
    "seed_42": {
      "layer_0": {
        "axis_0": {
          "mean": 0.0001636874076211825,
          "std": 1.2230113952682586e-06
        },
        "axis_1": {
          "mean": -0.0001420764601789415,
          "std": 1.2021838529108209e-06
        },
        "axis_2": {
          "mean": -9.937818686012179e-05,
          "std": 8.156127364600252e-07
        },
        "axis_3": {
          "mean": 2.1497394300240558e-06,
          "std": 4.7325457330771314e-07
        }
      },
      "layer_2": {
        "axis_0": {
          "mean": 0.00016528982087038457,
          "std": 1.0671260497474577e-06
        },
        "axis_1": {
          "mean": -0.00014224603364709765,
          "std": 8.26701182177203e-07
        },
        "axis_2": {
          "mean": -9.953560947906226e-05,
          "std": 7.712884553257027e-07
        },
        "axis_3": {
          "mean": 2.2613660348724807e-06,
          "std": 4.801165687240427e-07
        }
      },
      "layer_3": {
        "axis_0": {
          "mean": 0.00016542205412406474,
          "std": 1.8111543340637581e-06
        },
        "axis_1": {
          "mean": -0.0001425386144546792,
          "std": 1.591776367604325e-06
        },
        "axis_2": {
          "mean": -0.00010086088150274009,
          "std": 1.8662624370335834e-06
        },
        "axis_3": {
          "mean": 1.5947480278555304e-06,
          "std": 8.01735211553023e-07
        }
      }
    },
    "seed_123": {
      "layer_0": {
        "axis_0": {
          "mean": 1.3631931324198376e-05,
          "std": 2.2277529865277756e-07
        },
        "axis_1": {
          "mean": -3.070068123633973e-05,
          "std": 7.276908604580967e-07
        },
        "axis_2": {
          "mean": 9.494619735050946e-05,
          "std": 3.35065720946659e-07
        },
        "axis_3": {
          "mean": -4.338295548222959e-05,
          "std": 5.418299338089128e-07
        }
      },
      "layer_2": {
        "axis_0": {
          "mean": 1.3791017408948392e-05,
          "std": 2.056128494132281e-07
        },
        "axis_1": {
          "mean": -3.0456785680144094e-05,
          "std": 8.284503678623878e-07
        },
        "axis_2": {
          "mean": 9.428339399164543e-05,
          "std": 4.194299947357649e-07
        },
        "axis_3": {
          "mean": -4.241054557496682e-05,
          "std": 8.670394322507491e-07
        }
      },
      "layer_3": {
        "axis_0": {
          "mean": 1.3856375517207198e-05,
          "std": 1.8675615365282283e-07
        },
        "axis_1": {
          "mean": -3.087623554165475e-05,
          "std": 6.967779881961178e-07
        },
        "axis_2": {
          "mean": 9.512620454188436e-05,
          "std": 3.842198168513278e-07
        },
        "axis_3": {
          "mean": -4.3116684537380934e-05,
          "std": 6.641287200181978e-07
        }
      }
    },
    "seed_7": {
      "layer_0": {
        "axis_0": {
          "mean": 4.619817991624586e-05,
          "std": 7.183492698459304e-07
        },
        "axis_1": {
          "mean": 1.9840255845338106e-05,
          "std": 2.805857661769551e-07
        },
        "axis_2": {
          "mean": 2.508696707081981e-05,
          "std": 2.40203604562339e-07
        },
        "axis_3": {
          "mean": 6.405226304195821e-05,
          "std": 1.1000298627550364e-06
        }
      },
      "layer_2": {
        "axis_0": {
          "mean": 4.704175080405548e-05,
          "std": 5.41757970040635e-07
        },
        "axis_1": {
          "mean": 2.0123268768657e-05,
          "std": 3.569467423858441e-07
        },
        "axis_2": {
          "mean": 2.492661224096082e-05,
          "std": 1.9168284381976264e-07
        },
        "axis_3": {
          "mean": 6.399981066351756e-05,
          "std": 9.773447118277545e-07
        }
      },
      "layer_3": {
        "axis_0": {
          "mean": 4.6174060116754845e-05,
          "std": 5.561448688240489e-07
        },
        "axis_1": {
          "mean": 1.997844628931489e-05,
          "std": 2.3638729373942624e-07
        },
        "axis_2": {
          "mean": 2.488900463504251e-05,
          "std": 1.3919036234710802e-07
        },
        "axis_3": {
          "mean": 6.324625428533182e-05,
          "std": 1.494640400778735e-06
        }
      }
    }
  },
  "axis_statistics": {
    "seed_42": {
      "layer_0": {
        "norms": [
          0.0004411785048432648,
          0.00019826091011054814,
          0.00017118461255449802,
          0.00028906221268698573
        ],
        "variance": [
          4.934641562558129e-13,
          2.201789233791454e-13,
          2.9654311775248465e-13,
          2.389619535234089e-13
        ],
        "cosine_matrix": [
          [
            0.9999999403953552,
            0.33509209752082825,
            0.06752309203147888,
            0.018774986267089844
          ],
          [
            0.33509209752082825,
            1.0,
            0.5269191265106201,
            0.07657214999198914
          ],
          [
            0.06752309203147888,
            0.5269191265106201,
            1.0,
            0.557581901550293
          ],
          [
            0.018774986267089844,
            0.07657214999198914,
            0.557581901550293,
            1.0000001192092896
          ]
        ]
      },
      "layer_2": {
        "norms": [
          0.00044180010445415974,
          0.00019862889894284308,
          0.00017141408170573413,
          0.00028999283676967025
        ],
        "variance": [
          2.3700190573093527e-13,
          1.459094889182111e-13,
          1.2940958526129476e-13,
          1.4017137602538587e-13
        ],
        "cosine_matrix": [
          [
            1.0000001192092896,
            0.3369865417480469,
            0.0702807605266571,
            0.020544737577438354
          ],
          [
            0.3369865417480469,
            0.9999998807907104,
            0.5275108814239502,
            0.07763729989528656
          ],
          [
            0.0702807605266571,
            0.5275108814239502,
            1.0,
            0.5561461448669434
          ],
          [
            0.020544737577438354,
            0.07763729989528656,
            0.5561461448669434,
            0.9999999403953552
          ]
        ]
      },
      "layer_3": {
        "norms": [
          0.00044292520033195615,
          0.00019857606093864888,
          0.00017215417756233364,
          0.0002905925503000617
        ],
        "variance": [
          1.5628665896161298e-12,
          3.6404218398469745e-13,
          6.620954869432372e-13,
          7.619842257167164e-13
        ],
        "cosine_matrix": [
          [
            1.0,
            0.33617502450942993,
            0.06852215528488159,
            0.020235836505889893
          ],
          [
            0.33617502450942993,
            1.0,
            0.5297563076019287,
            0.07685345411300659
          ],
          [
            0.06852215528488159,
            0.5297563076019287,
            1.0,
            0.5582963228225708
          ],
          [
            0.020235836505889893,
            0.07685345411300659,
            0.5582963228225708,
            1.0
          ]
        ]
      }
    },
    "seed_123": {
      "layer_0": {
        "norms": [
          8.715903095435351e-05,
          0.00014060911780688912,
          0.00011498671665322036,
          0.00011070053005823866
        ],
        "variance": [
          1.9510640932723922e-13,
          2.922984391421496e-13,
          1.282198360073178e-13,
          1.557190249142082e-13
        ],
        "cosine_matrix": [
          [
            1.0,
            -0.665706992149353,
            0.5176123976707458,
            0.4171319305896759
          ],
          [
            -0.665706992149353,
            1.0,
            -0.6702021956443787,
            0.27786239981651306
          ],
          [
            0.5176123976707458,
            -0.6702021956443787,
            0.9999998807907104,
            -0.2596858739852905
          ],
          [
            0.4171319305896759,
            0.27786239981651306,
            -0.2596858739852905,
            1.0
          ]
        ]
      },
      "layer_2": {
        "norms": [
          8.673685078974813e-05,
          0.00014051298785489053,
          0.00011476597137516364,
          0.00010998953075613827
        ],
        "variance": [
          3.029421331846027e-13,
          3.991640731056817e-13,
          2.4960356047668e-13,
          2.4830311418089224e-13
        ],
        "cosine_matrix": [
          [
            0.9999998807907104,
            -0.6669282913208008,
            0.5208562612533569,
            0.4181005358695984
          ],
          [
            -0.6669282913208008,
            1.0,
            -0.6703794002532959,
            0.2756628692150116
          ],
          [
            0.5208562612533569,
            -0.6703794002532959,
            0.9999999403953552,
            -0.25491172075271606
          ],
          [
            0.4181005358695984,
            0.2756628692150116,
            -0.25491172075271606,
            1.0000001192092896
          ]
        ]
      },
      "layer_3": {
        "norms": [
          8.729183173272759e-05,
          0.00014110482879914343,
          0.00011540444393176585,
          0.00011085961887147278
        ],
        "variance": [
          2.893205152450923e-13,
          3.088571878719776e-13,
          2.0251232331694458e-13,
          1.7405578389174947e-13
        ],
        "cosine_matrix": [
          [
            0.9999999403953552,
            -0.6632204651832581,
            0.5183081030845642,
            0.42145317792892456
          ],
          [
            -0.6632204651832581,
            1.0,
            -0.6692025661468506,
            0.27630460262298584
          ],
          [
            0.5183081030845642,
            -0.6692025661468506,
            1.0,
            -0.2532195448875427
          ],
          [
            0.42145317792892456,
            0.27630460262298584,
            -0.2532195448875427,
            1.0
          ]
        ]
      }
    },
    "seed_7": {
      "layer_0": {
        "norms": [
          0.000215854452108033,
          0.00014394895697478205,
          0.0001271404034923762,
          0.0001568188745295629
        ],
        "variance": [
          2.9752928094352316e-13,
          1.731211880665398e-13,
          6.35153984528819e-13,
          5.034054228157669e-13
        ],
        "cosine_matrix": [
          [
            1.0,
            -0.7421689629554749,
            0.27112099528312683,
            0.005371598526835442
          ],
          [
            -0.7421689629554749,
            1.0,
            -0.14191436767578125,
            -0.3694761395454407
          ],
          [
            0.27112099528312683,
            -0.14191436767578125,
            1.0,
            -0.3283204436302185
          ],
          [
            0.005371598526835442,
            -0.3694761395454407,
            -0.3283204436302185,
            1.0000001192092896
          ]
        ]
      },
      "layer_2": {
        "norms": [
          0.00021636807650793344,
          0.00014325145457405597,
          0.00012657605111598969,
          0.00015723022806923836
        ],
        "variance": [
          3.981238353312905e-13,
          2.401422160083766e-13,
          9.470992783436327e-13,
          4.787045868211159e-13
        ],
        "cosine_matrix": [
          [
            0.9999998807907104,
            -0.7390046119689941,
            0.2838432490825653,
            0.00901392288506031
          ],
          [
            -0.7390046119689941,
            0.9999999403953552,
            -0.14724040031433105,
            -0.37301337718963623
          ],
          [
            0.2838432490825653,
            -0.14724040031433105,
            0.9999998807907104,
            -0.33536189794540405
          ],
          [
            0.00901392288506031,
            -0.37301337718963623,
            -0.33536189794540405,
            1.0
          ]
        ]
      },
      "layer_3": {
        "norms": [
          0.0002156066766474396,
          0.00014304625801742077,
          0.00012627561227418482,
          0.00015646545216441154
        ],
        "variance": [
          3.095224543250147e-13,
          3.6701980972615733e-13,
          1.280479520159028e-12,
          6.655617354987819e-13
        ],
        "cosine_matrix": [
          [
            0.9999998807907104,
            -0.7401043176651001,
            0.2797887325286865,
            0.006983163300901651
          ],
          [
            -0.7401043176651001,
            1.0000001192092896,
            -0.1449979543685913,
            -0.3731507956981659
          ],
          [
            0.2797887325286865,
            -0.1449979543685913,
            0.9999998807907104,
            -0.33271995186805725
          ],
          [
            0.006983163300901651,
            -0.3731507956981659,
            -0.33271995186805725,
            1.0000001192092896
          ]
        ]
      }
    }
  },
  "semantic_separation": {
    "seed_42": {
      "mean_heads": {
        "U_real": {
          "silhouette": -0.06320115178823471,
          "separation_ratio": 1.0368056297302246,
          "per_axis": [
            {
              "axis": 2,
              "separation": 1.089458237402141e-06,
              "pair": "safe-hallucination"
            },
            {
              "axis": 0,
              "separation": 8.631759556010365e-07,
              "pair": "safe-factual"
            },
            {
              "axis": 1,
              "separation": 5.457986844703555e-07,
              "pair": "unsafe-factual"
            },
            {
              "axis": 3,
              "separation": 5.063444632469327e-07,
              "pair": "safe-hallucination"
            }
          ]
        },
        "U_zero": {
          "silhouette": -0.06320115178823471,
          "separation_ratio": 1.0368056297302246,
          "per_axis": [
            {
              "axis": 0,
              "separation": 0.0,
              "pair": ""
            },
            {
              "axis": 1,
              "separation": 0.0,
              "pair": ""
            },
            {
              "axis": 2,
              "separation": 0.0,
              "pair": ""
            },
            {
              "axis": 3,
              "separation": 0.0,
              "pair": ""
            }
          ]
        },
        "U_random": {
          "silhouette": -0.06320115178823471,
          "separation_ratio": 1.0368056297302246,
          "per_axis": [
            {
              "axis": 0,
              "separation": 0.6748262047767639,
              "pair": "safe-unsafe"
            },
            {
              "axis": 1,
              "separation": 0.5188870429992676,
              "pair": "safe-hallucination"
            },
            {
              "axis": 3,
              "separation": 0.46619704365730286,
              "pair": "safe-factual"
            },
            {
              "axis": 2,
              "separation": 0.4171711802482605,
              "pair": "factual-hallucination"
            }
          ]
        }
      },
      "best_head": {
        "head_idx": 0,
        "U_real": {
          "silhouette": -0.09941370785236359,
          "separation_ratio": 1.0046592950820923,
          "per_axis": [
            {
              "axis": 0,
              "separation": 8.854112820699811e-07,
              "pair": "safe-hallucination"
            },
            {
              "axis": 1,
              "separation": 5.070905899628997e-07,
              "pair": "safe-hallucination"
            },
            {
              "axis": 2,
              "separation": 4.926114343106747e-07,
              "pair": "safe-hallucination"
            },
            {
              "axis": 3,
              "separation": 1.7686170394881628e-07,
              "pair": "factual-hallucination"
            }
          ]
        }
      }
    },
    "seed_123": {
      "mean_heads": {
        "U_real": {
          "silhouette": -0.08747801184654236,
          "separation_ratio": 1.103864073753357,
          "per_axis": [
            {
              "axis": 1,
              "separation": 6.19518687017262e-07,
              "pair": "unsafe-hallucination"
            },
            {
              "axis": 3,
              "separation": 3.5442280932329595e-07,
              "pair": "unsafe-hallucination"
            },
            {
              "axis": 0,
              "separation": 1.6308513295371085e-07,
              "pair": "safe-hallucination"
            },
            {
              "axis": 2,
              "separation": 5.993933882564306e-08,
              "pair": "unsafe-factual"
            }
          ]
        },
        "U_zero": {
          "silhouette": -0.08747801184654236,
          "separation_ratio": 1.103864073753357,
          "per_axis": [
            {
              "axis": 0,
              "separation": 0.0,
              "pair": ""
            },
            {
              "axis": 1,
              "separation": 0.0,
              "pair": ""
            },
            {
              "axis": 2,
              "separation": 0.0,
              "pair": ""
            },
            {
              "axis": 3,
              "separation": 0.0,
              "pair": ""
            }
          ]
        },
        "U_random": {
          "silhouette": -0.08747801184654236,
          "separation_ratio": 1.103864073753357,
          "per_axis": [
            {
              "axis": 3,
              "separation": 0.4848405122756958,
              "pair": "unsafe-hallucination"
            },
            {
              "axis": 2,
              "separation": 0.4477154612541199,
              "pair": "factual-hallucination"
            },
            {
              "axis": 0,
              "separation": 0.44355306029319763,
              "pair": "safe-hallucination"
            },
            {
              "axis": 1,
              "separation": 0.2830451428890228,
              "pair": "safe-unsafe"
            }
          ]
        }
      },
      "best_head": {
        "head_idx": 0,
        "U_real": {
          "silhouette": -0.09935717284679413,
          "separation_ratio": 1.0816669464111328,
          "per_axis": [
            {
              "axis": 1,
              "separation": 5.465626600198448e-07,
              "pair": "safe-factual"
            },
            {
              "axis": 2,
              "separation": 5.042311386205256e-07,
              "pair": "unsafe-factual"
            },
            {
              "axis": 3,
              "separation": 3.66522726835683e-07,
              "pair": "unsafe-factual"
            },
            {
              "axis": 0,
              "separation": 8.830920705804601e-08,
              "pair": "safe-factual"
            }
          ]
        }
      }
    },
    "seed_7": {
      "mean_heads": {
        "U_real": {
          "silhouette": -0.07027444243431091,
          "separation_ratio": 1.082118034362793,
          "per_axis": [
            {
              "axis": 3,
              "separation": 1.2510790838859975e-06,
              "pair": "unsafe-hallucination"
            },
            {
              "axis": 0,
              "separation": 5.840265657752752e-07,
              "pair": "unsafe-hallucination"
            },
            {
              "axis": 1,
              "separation": 2.429951564408839e-07,
              "pair": "unsafe-hallucination"
            },
            {
              "axis": 2,
              "separation": 7.920607458800077e-08,
              "pair": "unsafe-factual"
            }
          ]
        },
        "U_zero": {
          "silhouette": -0.07027444243431091,
          "separation_ratio": 1.082118034362793,
          "per_axis": [
            {
              "axis": 0,
              "separation": 0.0,
              "pair": ""
            },
            {
              "axis": 1,
              "separation": 0.0,
              "pair": ""
            },
            {
              "axis": 2,
              "separation": 0.0,
              "pair": ""
            },
            {
              "axis": 3,
              "separation": 0.0,
              "pair": ""
            }
          ]
        },
        "U_random": {
          "silhouette": -0.07027444243431091,
          "separation_ratio": 1.082118034362793,
          "per_axis": [
            {
              "axis": 0,
              "separation": 0.7251235246658325,
              "pair": "safe-factual"
            },
            {
              "axis": 1,
              "separation": 0.6408543586730957,
              "pair": "safe-factual"
            },
            {
              "axis": 2,
              "separation": 0.38448527455329895,
              "pair": "safe-hallucination"
            },
            {
              "axis": 3,
              "separation": 0.27033478021621704,
              "pair": "safe-factual"
            }
          ]
        }
      },
      "best_head": {
        "head_idx": 0,
        "U_real": {
          "silhouette": -0.07036752253770828,
          "separation_ratio": 1.059278130531311,
          "per_axis": [
            {
              "axis": 3,
              "separation": 1.503103703726083e-06,
              "pair": "unsafe-hallucination"
            },
            {
              "axis": 0,
              "separation": 4.814064595848322e-07,
              "pair": "unsafe-hallucination"
            },
            {
              "axis": 1,
              "separation": 3.783516149269417e-07,
              "pair": "unsafe-hallucination"
            },
            {
              "axis": 2,
              "separation": 8.543975127395242e-08,
              "pair": "unsafe-factual"
            }
          ]
        }
      }
    }
  },
  "geometry_correlation": {
    "seed_42": {
      "geodesic_semantic": {
        "corr": 0.47148656845092773,
        "p_value": 0.0
      },
      "euclidean_semantic": {
        "corr": 0.47148656845092773,
        "p_value": 0.0
      },
      "random_semantic": {
        "corr": 0.33291172981262207,
        "p_value": 0.0
      }
    },
    "seed_123": {
      "geodesic_semantic": {
        "corr": 0.5103069543838501,
        "p_value": 0.0
      },
      "euclidean_semantic": {
        "corr": 0.5103069543838501,
        "p_value": 0.0
      },
      "random_semantic": {
        "corr": 0.4500733017921448,
        "p_value": 0.0
      }
    },
    "seed_7": {
      "geodesic_semantic": {
        "corr": 0.49216681718826294,
        "p_value": 0.0
      },
      "euclidean_semantic": {
        "corr": 0.49216681718826294,
        "p_value": 0.0
      },
      "random_semantic": {
        "corr": 0.3567902445793152,
        "p_value": 0.0
      }
    }
  }
}