{
  "axes_projection": {
    "seed_42": {
      "layer_0": {
        "axis_0": {
          "mean": 0.0360119566321373,
          "std": 0.01807822659611702
        },
        "axis_1": {
          "mean": -0.36219921708106995,
          "std": 0.1517876833677292
        },
        "axis_2": {
          "mean": 0.02093980461359024,
          "std": 0.0047240350395441055
        },
        "axis_3": {
          "mean": 0.2105896770954132,
          "std": 0.08612493425607681
        }
      },
      "layer_2": {
        "axis_0": {
          "mean": 1.0162599086761475,
          "std": 0.2290356308221817
        },
        "axis_1": {
          "mean": -16.598899841308594,
          "std": 2.946443796157837
        },
        "axis_2": {
          "mean": 1.6422017812728882,
          "std": 0.32503482699394226
        },
        "axis_3": {
          "mean": 8.94908618927002,
          "std": 1.5803109407424927
        }
      },
      "layer_3": {
        "axis_0": {
          "mean": 1.3965730667114258,
          "std": 0.7535265684127808
        },
        "axis_1": {
          "mean": -4.11240291595459,
          "std": 4.870462417602539
        },
        "axis_2": {
          "mean": -0.8191329836845398,
          "std": 1.0923680067062378
        },
        "axis_3": {
          "mean": 2.898355007171631,
          "std": 2.6396989822387695
        }
      }
    },
    "seed_123": {
      "layer_0": {
        "axis_0": {
          "mean": 0.0360119566321373,
          "std": 0.01807822659611702
        },
        "axis_1": {
          "mean": -0.36219921708106995,
          "std": 0.1517876833677292
        },
        "axis_2": {
          "mean": 0.02093980461359024,
          "std": 0.0047240350395441055
        },
        "axis_3": {
          "mean": 0.2105896770954132,
          "std": 0.08612493425607681
        }
      },
      "layer_2": {
        "axis_0": {
          "mean": 1.0162599086761475,
          "std": 0.2290356308221817
        },
        "axis_1": {
          "mean": -16.598899841308594,
          "std": 2.946443796157837
        },
        "axis_2": {
          "mean": 1.6422017812728882,
          "std": 0.32503482699394226
        },
        "axis_3": {
          "mean": 8.94908618927002,
          "std": 1.5803109407424927
        }
      },
      "layer_3": {
        "axis_0": {
          "mean": 1.3965730667114258,
          "std": 0.7535265684127808
        },
        "axis_1": {
          "mean": -4.11240291595459,
          "std": 4.870462417602539
        },
        "axis_2": {
          "mean": -0.8191329836845398,
          "std": 1.0923680067062378
        },
        "axis_3": {
          "mean": 2.898355007171631,
          "std": 2.6396989822387695
        }
      }
    },
    "seed_7": {
      "layer_0": {
        "axis_0": {
          "mean": 0.0360119566321373,
          "std": 0.01807822659611702
        },
        "axis_1": {
          "mean": -0.36219921708106995,
          "std": 0.1517876833677292
        },
        "axis_2": {
          "mean": 0.02093980461359024,
          "std": 0.0047240350395441055
        },
        "axis_3": {
          "mean": 0.2105896770954132,
          "std": 0.08612493425607681
        }
      },
      "layer_2": {
        "axis_0": {
          "mean": 1.0162599086761475,
          "std": 0.2290356308221817
        },
        "axis_1": {
          "mean": -16.598899841308594,
          "std": 2.946443796157837
        },
        "axis_2": {
          "mean": 1.6422017812728882,
          "std": 0.32503482699394226
        },
        "axis_3": {
          "mean": 8.94908618927002,
          "std": 1.5803109407424927
        }
      },
      "layer_3": {
        "axis_0": {
          "mean": 1.3965730667114258,
          "std": 0.7535265684127808
        },
        "axis_1": {
          "mean": -4.11240291595459,
          "std": 4.870462417602539
        },
        "axis_2": {
          "mean": -0.8191329836845398,
          "std": 1.0923680067062378
        },
        "axis_3": {
          "mean": 2.898355007171631,
          "std": 2.6396989822387695
        }
      }
    }
  },
  "axis_statistics": {
    "seed_42": {
      "layer_0": {
        "norms": [
          0.25171375274658203,
          0.3796367347240448,
          0.27696457505226135,
          0.26081714034080505
        ],
        "variance": [
          0.00278796860948205,
          0.00578299118205905,
          0.0033886260353028774,
          0.0027256738394498825
        ],
        "cosine_matrix": [
          [
            1.0,
            -0.09299629926681519,
            -0.965938925743103,
            0.6068161725997925
          ],
          [
            -0.09299629926681519,
            1.0,
            -0.15297487378120422,
            -0.8361339569091797
          ],
          [
            -0.965938925743103,
            -0.15297487378120422,
            1.0,
            -0.3840970993041992
          ],
          [
            0.6068161725997925,
            -0.8361339569091797,
            -0.3840970993041992,
            1.0000001192092896
          ]
        ]
      },
      "layer_2": {
        "norms": [
          6.529299736022949,
          9.424395561218262,
          7.196826934814453,
          6.470365047454834
        ],
        "variance": [
          0.2400103658437729,
          0.49784258008003235,
          0.291708379983902,
          0.2346494197845459
        ],
        "cosine_matrix": [
          [
            1.0,
            -0.1275302767753601,
            -0.9672748446464539,
            0.6409599781036377
          ],
          [
            -0.1275302767753601,
            1.0,
            -0.0981537401676178,
            -0.8224514722824097
          ],
          [
            -0.9672748446464539,
            -0.0981537401676178,
            1.0,
            -0.43270018696784973
          ],
          [
            0.6409599781036377,
            -0.8224514722824097,
            -0.43270018696784973,
            1.0
          ]
        ]
      },
      "layer_3": {
        "norms": [
          3.5383307933807373,
          5.109975814819336,
          3.899967670440674,
          3.508368968963623
        ],
        "variance": [
          2.186061143875122,
          4.534122943878174,
          2.6570279598236084,
          2.137267589569092
        ],
        "cosine_matrix": [
          [
            1.0,
            -0.12506330013275146,
            -0.9671980142593384,
            0.6386152505874634
          ],
          [
            -0.12506330013275146,
            1.0,
            -0.10211929678916931,
            -0.8234571814537048
          ],
          [
            -0.9671980142593384,
            -0.10211929678916931,
            1.0,
            -0.42937058210372925
          ],
          [
            0.6386152505874634,
            -0.8234571814537048,
            -0.42937058210372925,
            1.0
          ]
        ]
      }
    },
    "seed_123": {
      "layer_0": {
        "norms": [
          0.25171375274658203,
          0.3796367347240448,
          0.27696457505226135,
          0.26081714034080505
        ],
        "variance": [
          0.00278796860948205,
          0.00578299118205905,
          0.0033886260353028774,
          0.0027256738394498825
        ],
        "cosine_matrix": [
          [
            1.0,
            -0.09299629926681519,
            -0.965938925743103,
            0.6068161725997925
          ],
          [
            -0.09299629926681519,
            1.0,
            -0.15297487378120422,
            -0.8361339569091797
          ],
          [
            -0.965938925743103,
            -0.15297487378120422,
            1.0,
            -0.3840970993041992
          ],
          [
            0.6068161725997925,
            -0.8361339569091797,
            -0.3840970993041992,
            1.0000001192092896
          ]
        ]
      },
      "layer_2": {
        "norms": [
          6.529299736022949,
          9.424395561218262,
          7.196826934814453,
          6.470365047454834
        ],
        "variance": [
          0.2400103658437729,
          0.49784258008003235,
          0.291708379983902,
          0.2346494197845459
        ],
        "cosine_matrix": [
          [
            1.0,
            -0.1275302767753601,
            -0.9672748446464539,
            0.6409599781036377
          ],
          [
            -0.1275302767753601,
            1.0,
            -0.0981537401676178,
            -0.8224514722824097
          ],
          [
            -0.9672748446464539,
            -0.0981537401676178,
            1.0,
            -0.43270018696784973
          ],
          [
            0.6409599781036377,
            -0.8224514722824097,
            -0.43270018696784973,
            1.0
          ]
        ]
      },
      "layer_3": {
        "norms": [
          3.5383307933807373,
          5.109975814819336,
          3.899967670440674,
          3.508368968963623
        ],
        "variance": [
          2.186061143875122,
          4.534122943878174,
          2.6570279598236084,
          2.137267589569092
        ],
        "cosine_matrix": [
          [
            1.0,
            -0.12506330013275146,
            -0.9671980142593384,
            0.6386152505874634
          ],
          [
            -0.12506330013275146,
            1.0,
            -0.10211929678916931,
            -0.8234571814537048
          ],
          [
            -0.9671980142593384,
            -0.10211929678916931,
            1.0,
            -0.42937058210372925
          ],
          [
            0.6386152505874634,
            -0.8234571814537048,
            -0.42937058210372925,
            1.0
          ]
        ]
      }
    },
    "seed_7": {
      "layer_0": {
        "norms": [
          0.25171375274658203,
          0.3796367347240448,
          0.27696457505226135,
          0.26081714034080505
        ],
        "variance": [
          0.00278796860948205,
          0.00578299118205905,
          0.0033886260353028774,
          0.0027256738394498825
        ],
        "cosine_matrix": [
          [
            1.0,
            -0.09299629926681519,
            -0.965938925743103,
            0.6068161725997925
          ],
          [
            -0.09299629926681519,
            1.0,
            -0.15297487378120422,
            -0.8361339569091797
          ],
          [
            -0.965938925743103,
            -0.15297487378120422,
            1.0,
            -0.3840970993041992
          ],
          [
            0.6068161725997925,
            -0.8361339569091797,
            -0.3840970993041992,
            1.0000001192092896
          ]
        ]
      },
      "layer_2": {
        "norms": [
          6.529299736022949,
          9.424395561218262,
          7.196826934814453,
          6.470365047454834
        ],
        "variance": [
          0.2400103658437729,
          0.49784258008003235,
          0.291708379983902,
          0.2346494197845459
        ],
        "cosine_matrix": [
          [
            1.0,
            -0.1275302767753601,
            -0.9672748446464539,
            0.6409599781036377
          ],
          [
            -0.1275302767753601,
            1.0,
            -0.0981537401676178,
            -0.8224514722824097
          ],
          [
            -0.9672748446464539,
            -0.0981537401676178,
            1.0,
            -0.43270018696784973
          ],
          [
            0.6409599781036377,
            -0.8224514722824097,
            -0.43270018696784973,
            1.0
          ]
        ]
      },
      "layer_3": {
        "norms": [
          3.5383307933807373,
          5.109975814819336,
          3.899967670440674,
          3.508368968963623
        ],
        "variance": [
          2.186061143875122,
          4.534122943878174,
          2.6570279598236084,
          2.137267589569092
        ],
        "cosine_matrix": [
          [
            1.0,
            -0.12506330013275146,
            -0.9671980142593384,
            0.6386152505874634
          ],
          [
            -0.12506330013275146,
            1.0,
            -0.10211929678916931,
            -0.8234571814537048
          ],
          [
            -0.9671980142593384,
            -0.10211929678916931,
            1.0,
            -0.42937058210372925
          ],
          [
            0.6386152505874634,
            -0.8234571814537048,
            -0.42937058210372925,
            1.0
          ]
        ]
      }
    }
  },
  "semantic_separation": {
    "seed_42": {
      "mean_heads": {
        "U_real": {
          "silhouette": -0.07502688467502594,
          "separation_ratio": 1.3099814653396606,
          "per_axis": [
            {
              "axis": 1,
              "separation": 1.9608964920043945,
              "pair": "unsafe-hallucination"
            },
            {
              "axis": 3,
              "separation": 1.2424898147583008,
              "pair": "unsafe-hallucination"
            },
            {
              "axis": 0,
              "separation": 0.4118618965148926,
              "pair": "unsafe-hallucination"
            },
            {
              "axis": 2,
              "separation": 0.1110396534204483,
              "pair": "unsafe-hallucination"
            }
          ]
        },
        "U_zero": {
          "silhouette": -0.07502688467502594,
          "separation_ratio": 1.3099814653396606,
          "per_axis": [
            {
              "axis": 0,
              "separation": 0.0,
              "pair": ""
            },
            {
              "axis": 1,
              "separation": 0.0,
              "pair": ""
            },
            {
              "axis": 2,
              "separation": 0.0,
              "pair": ""
            },
            {
              "axis": 3,
              "separation": 0.0,
              "pair": ""
            }
          ]
        },
        "U_random": {
          "silhouette": -0.07502688467502594,
          "separation_ratio": 1.3099814653396606,
          "per_axis": [
            {
              "axis": 0,
              "separation": 0.7508165836334229,
              "pair": "safe-unsafe"
            },
            {
              "axis": 1,
              "separation": 0.5697175860404968,
              "pair": "safe-hallucination"
            },
            {
              "axis": 3,
              "separation": 0.5139434337615967,
              "pair": "safe-factual"
            },
            {
              "axis": 2,
              "separation": 0.4982273578643799,
              "pair": "factual-hallucination"
            }
          ]
        }
      },
      "best_head": {
        "head_idx": 0,
        "U_real": {
          "silhouette": -0.1318272352218628,
          "separation_ratio": 1.1984217166900635,
          "per_axis": [
            {
              "axis": 1,
              "separation": 2.03402042388916,
              "pair": "safe-hallucination"
            },
            {
              "axis": 3,
              "separation": 1.0078201293945312,
              "pair": "safe-hallucination"
            },
            {
              "axis": 2,
              "separation": 0.4864802956581116,
              "pair": "safe-hallucination"
            },
            {
              "axis": 0,
              "separation": 0.11464597284793854,
              "pair": "safe-hallucination"
            }
          ]
        }
      }
    },
    "seed_123": {
      "mean_heads": {
        "U_real": {
          "silhouette": -0.07502688467502594,
          "separation_ratio": 1.3099814653396606,
          "per_axis": [
            {
              "axis": 1,
              "separation": 1.9608964920043945,
              "pair": "unsafe-hallucination"
            },
            {
              "axis": 3,
              "separation": 1.2424898147583008,
              "pair": "unsafe-hallucination"
            },
            {
              "axis": 0,
              "separation": 0.4118618965148926,
              "pair": "unsafe-hallucination"
            },
            {
              "axis": 2,
              "separation": 0.1110396534204483,
              "pair": "unsafe-hallucination"
            }
          ]
        },
        "U_zero": {
          "silhouette": -0.07502688467502594,
          "separation_ratio": 1.3099814653396606,
          "per_axis": [
            {
              "axis": 0,
              "separation": 0.0,
              "pair": ""
            },
            {
              "axis": 1,
              "separation": 0.0,
              "pair": ""
            },
            {
              "axis": 2,
              "separation": 0.0,
              "pair": ""
            },
            {
              "axis": 3,
              "separation": 0.0,
              "pair": ""
            }
          ]
        },
        "U_random": {
          "silhouette": -0.07502688467502594,
          "separation_ratio": 1.3099814653396606,
          "per_axis": [
            {
              "axis": 0,
              "separation": 0.6030804514884949,
              "pair": "safe-hallucination"
            },
            {
              "axis": 3,
              "separation": 0.5570544600486755,
              "pair": "unsafe-hallucination"
            },
            {
              "axis": 2,
              "separation": 0.5100343227386475,
              "pair": "factual-hallucination"
            },
            {
              "axis": 1,
              "separation": 0.26551008224487305,
              "pair": "safe-unsafe"
            }
          ]
        }
      },
      "best_head": {
        "head_idx": 0,
        "U_real": {
          "silhouette": -0.1318272352218628,
          "separation_ratio": 1.1984217166900635,
          "per_axis": [
            {
              "axis": 1,
              "separation": 2.03402042388916,
              "pair": "safe-hallucination"
            },
            {
              "axis": 3,
              "separation": 1.0078201293945312,
              "pair": "safe-hallucination"
            },
            {
              "axis": 2,
              "separation": 0.4864802956581116,
              "pair": "safe-hallucination"
            },
            {
              "axis": 0,
              "separation": 0.11464597284793854,
              "pair": "safe-hallucination"
            }
          ]
        }
      }
    },
    "seed_7": {
      "mean_heads": {
        "U_real": {
          "silhouette": -0.07502688467502594,
          "separation_ratio": 1.3099814653396606,
          "per_axis": [
            {
              "axis": 1,
              "separation": 1.9608964920043945,
              "pair": "unsafe-hallucination"
            },
            {
              "axis": 3,
              "separation": 1.2424898147583008,
              "pair": "unsafe-hallucination"
            },
            {
              "axis": 0,
              "separation": 0.4118618965148926,
              "pair": "unsafe-hallucination"
            },
            {
              "axis": 2,
              "separation": 0.1110396534204483,
              "pair": "unsafe-hallucination"
            }
          ]
        },
        "U_zero": {
          "silhouette": -0.07502688467502594,
          "separation_ratio": 1.3099814653396606,
          "per_axis": [
            {
              "axis": 0,
              "separation": 0.0,
              "pair": ""
            },
            {
              "axis": 1,
              "separation": 0.0,
              "pair": ""
            },
            {
              "axis": 2,
              "separation": 0.0,
              "pair": ""
            },
            {
              "axis": 3,
              "separation": 0.0,
              "pair": ""
            }
          ]
        },
        "U_random": {
          "silhouette": -0.07502688467502594,
          "separation_ratio": 1.3099814653396606,
          "per_axis": [
            {
              "axis": 0,
              "separation": 0.9070762991905212,
              "pair": "safe-hallucination"
            },
            {
              "axis": 1,
              "separation": 0.7677329778671265,
              "pair": "safe-factual"
            },
            {
              "axis": 2,
              "separation": 0.5465371608734131,
              "pair": "safe-hallucination"
            },
            {
              "axis": 3,
              "separation": 0.3187796175479889,
              "pair": "safe-hallucination"
            }
          ]
        }
      },
      "best_head": {
        "head_idx": 0,
        "U_real": {
          "silhouette": -0.1318272352218628,
          "separation_ratio": 1.1984217166900635,
          "per_axis": [
            {
              "axis": 1,
              "separation": 2.03402042388916,
              "pair": "safe-hallucination"
            },
            {
              "axis": 3,
              "separation": 1.0078201293945312,
              "pair": "safe-hallucination"
            },
            {
              "axis": 2,
              "separation": 0.4864802956581116,
              "pair": "safe-hallucination"
            },
            {
              "axis": 0,
              "separation": 0.11464597284793854,
              "pair": "safe-hallucination"
            }
          ]
        }
      }
    }
  },
  "geometry_correlation": {
    "seed_42": {
      "geodesic_semantic": {
        "corr": 0.42910122871398926,
        "p_value": 0.0
      },
      "euclidean_semantic": {
        "corr": 0.5246315598487854,
        "p_value": 0.0
      },
      "random_semantic": {
        "corr": 0.4551916718482971,
        "p_value": 0.0
      }
    },
    "seed_123": {
      "geodesic_semantic": {
        "corr": 0.42910122871398926,
        "p_value": 0.0
      },
      "euclidean_semantic": {
        "corr": 0.5246315598487854,
        "p_value": 0.0
      },
      "random_semantic": {
        "corr": 0.405510276556015,
        "p_value": 0.0
      }
    },
    "seed_7": {
      "geodesic_semantic": {
        "corr": 0.42910122871398926,
        "p_value": 0.0
      },
      "euclidean_semantic": {
        "corr": 0.5246315598487854,
        "p_value": 0.0
      },
      "random_semantic": {
        "corr": 0.43694373965263367,
        "p_value": 0.0
      }
    }
  },
  "calibration": {
    "seed_42": {
      "ece": 0.041037920862436295,
      "mce": 0.06789187341928482,
      "brier": 0.48354265093803406,
      "perplexity": 481.4280700683594,
      "mean_confidence": 0.15250632166862488,
      "accuracy": 0.1114707812666893
    },
    "seed_123": {
      "ece": 0.041037920862436295,
      "mce": 0.06789187341928482,
      "brier": 0.48354265093803406,
      "perplexity": 481.4280700683594,
      "mean_confidence": 0.15250632166862488,
      "accuracy": 0.1114707812666893
    },
    "seed_7": {
      "ece": 0.041037920862436295,
      "mce": 0.06789187341928482,
      "brier": 0.48354265093803406,
      "perplexity": 481.4280700683594,
      "mean_confidence": 0.15250632166862488,
      "accuracy": 0.1114707812666893
    },
    "summary": {
      "ece": {
        "mean": 0.041037920862436295,
        "std": 0.0
      },
      "mce": {
        "mean": 0.06789187341928482,
        "std": 0.0
      },
      "brier": {
        "mean": 0.48354265093803406,
        "std": 0.0
      },
      "perplexity": {
        "mean": 481.4280700683594,
        "std": 0.0
      },
      "mean_confidence": {
        "mean": 0.15250632166862488,
        "std": 0.0
      },
      "accuracy": {
        "mean": 0.1114707812666893,
        "std": 0.0
      }
    }
  }
}