{
  "axes_projection": {
    "seed_42": {
      "layer_0": {
        "axis_0": {
          "mean": -0.0001876804162748158,
          "std": 2.316436621185858e-06
        },
        "axis_1": {
          "mean": 0.00042912442586384714,
          "std": 1.8312823613086948e-06
        },
        "axis_2": {
          "mean": 0.0003307998995296657,
          "std": 4.601235104928492e-06
        },
        "axis_3": {
          "mean": -0.0002861575921997428,
          "std": 2.9872373943362618e-06
        }
      },
      "layer_2": {
        "axis_0": {
          "mean": -0.00019195048662368208,
          "std": 1.0096333653564216e-06
        },
        "axis_1": {
          "mean": 0.00042908862815238535,
          "std": 8.461623224320647e-07
        },
        "axis_2": {
          "mean": 0.00032782231573946774,
          "std": 2.1359685433708364e-06
        },
        "axis_3": {
          "mean": -0.0002821815141942352,
          "std": 1.5692099850639352e-06
        }
      },
      "layer_3": {
        "axis_0": {
          "mean": -0.0001897898910101503,
          "std": 1.3926667179475771e-06
        },
        "axis_1": {
          "mean": 0.0004287515766918659,
          "std": 1.7333173900624388e-06
        },
        "axis_2": {
          "mean": 0.00032858276972547174,
          "std": 2.6947373044095e-06
        },
        "axis_3": {
          "mean": -0.00028526148525997996,
          "std": 1.9939041067118524e-06
        }
      }
    },
    "seed_123": {
      "layer_0": {
        "axis_0": {
          "mean": -2.7919886633753777e-05,
          "std": 1.9040186316487961e-06
        },
        "axis_1": {
          "mean": -0.0006228071870282292,
          "std": 1.5171925724644097e-06
        },
        "axis_2": {
          "mean": -8.209726365748793e-05,
          "std": 1.2309634485063725e-06
        },
        "axis_3": {
          "mean": 0.00035559944808483124,
          "std": 1.3803780802845722e-06
        }
      },
      "layer_2": {
        "axis_0": {
          "mean": -2.683314960449934e-05,
          "std": 3.015584752574796e-06
        },
        "axis_1": {
          "mean": -0.0006220407085493207,
          "std": 2.5606839244574076e-06
        },
        "axis_2": {
          "mean": -8.04409064585343e-05,
          "std": 8.99713654689549e-07
        },
        "axis_3": {
          "mean": 0.0003551763657014817,
          "std": 1.1023980732716154e-06
        }
      },
      "layer_3": {
        "axis_0": {
          "mean": -2.5913468562066555e-05,
          "std": 1.0396898915132624e-06
        },
        "axis_1": {
          "mean": -0.0006243683164939284,
          "std": 1.8073509409077815e-06
        },
        "axis_2": {
          "mean": -7.943499804241583e-05,
          "std": 1.4943522046451108e-06
        },
        "axis_3": {
          "mean": 0.00035612727515399456,
          "std": 8.92601292434847e-07
        }
      }
    },
    "seed_7": {
      "layer_0": {
        "axis_0": {
          "mean": -0.0010278347181156278,
          "std": 2.448039822411374e-06
        },
        "axis_1": {
          "mean": -0.0008279286557808518,
          "std": 3.073473635595292e-06
        },
        "axis_2": {
          "mean": -0.0003879464929923415,
          "std": 3.041274339921074e-06
        },
        "axis_3": {
          "mean": -0.00021741499949712306,
          "std": 1.4812586641710368e-06
        }
      },
      "layer_2": {
        "axis_0": {
          "mean": -0.0010278942063450813,
          "std": 2.9356606319197454e-06
        },
        "axis_1": {
          "mean": -0.0008265806245617568,
          "std": 2.1231842310953652e-06
        },
        "axis_2": {
          "mean": -0.00039010937325656414,
          "std": 3.7352615436248016e-06
        },
        "axis_3": {
          "mean": -0.00021925661712884903,
          "std": 2.171509777326719e-06
        }
      },
      "layer_3": {
        "axis_0": {
          "mean": -0.0010287429904565215,
          "std": 1.566425680721295e-06
        },
        "axis_1": {
          "mean": -0.0008257622830569744,
          "std": 2.4952828425739426e-06
        },
        "axis_2": {
          "mean": -0.00039069418562576175,
          "std": 4.5237566155265085e-06
        },
        "axis_3": {
          "mean": -0.000218535540625453,
          "std": 9.870083204077673e-07
        }
      }
    }
  },
  "axis_statistics": {
    "seed_42": {
      "layer_0": {
        "norms": [
          0.0007519012433476746,
          0.0005930542247369885,
          0.0011790129356086254,
          0.0006181469070725143
        ],
        "variance": [
          1.2564702967302055e-12,
          1.5310092603415537e-12,
          1.7046713433194194e-12,
          1.6878189384311737e-12
        ],
        "cosine_matrix": [
          [
            0.9999998211860657,
            0.04295790195465088,
            0.012560322880744934,
            -0.24036931991577148
          ],
          [
            0.04295790195465088,
            1.0,
            -0.09772951155900955,
            -0.027622416615486145
          ],
          [
            0.012560322880744934,
            -0.09772951155900955,
            0.9999998807907104,
            -0.05646943300962448
          ],
          [
            -0.24036931991577148,
            -0.027622416615486145,
            -0.05646943300962448,
            1.0
          ]
        ]
      },
      "layer_2": {
        "norms": [
          0.0007513362797908485,
          0.0005938521935604513,
          0.0011784028029069304,
          0.0006165162776596844
        ],
        "variance": [
          2.6842940305422947e-13,
          3.3489891090345003e-13,
          3.889289606519297e-13,
          4.137201377926031e-13
        ],
        "cosine_matrix": [
          [
            1.0,
            0.043805450201034546,
            0.010873422026634216,
            -0.24088121950626373
          ],
          [
            0.043805450201034546,
            1.0000001192092896,
            -0.10027869790792465,
            -0.02269415557384491
          ],
          [
            0.010873422026634216,
            -0.10027869790792465,
            1.0,
            -0.056812383234500885
          ],
          [
            -0.24088121950626373,
            -0.02269415557384491,
            -0.056812383234500885,
            0.9999998807907104
          ]
        ]
      },
      "layer_3": {
        "norms": [
          0.0007515847682952881,
          0.0005944032454863191,
          0.001178318401798606,
          0.0006176919559948146
        ],
        "variance": [
          8.503746751903352e-13,
          6.512758539932439e-13,
          8.829155939346633e-13,
          6.576060225874092e-13
        ],
        "cosine_matrix": [
          [
            1.0000001192092896,
            0.04283381998538971,
            0.010648056864738464,
            -0.2404056042432785
          ],
          [
            0.04283381998538971,
            1.0,
            -0.09873627871274948,
            -0.026242390275001526
          ],
          [
            0.010648056864738464,
            -0.09873627871274948,
            1.0,
            -0.05702364444732666
          ],
          [
            -0.2404056042432785,
            -0.026242390275001526,
            -0.05702364444732666,
            1.0
          ]
        ]
      }
    },
    "seed_123": {
      "layer_0": {
        "norms": [
          0.0010594867635518312,
          0.0007853866554796696,
          0.0005079923430457711,
          0.000647462613414973
        ],
        "variance": [
          9.876684973347816e-13,
          8.452204864825563e-13,
          6.001320859531922e-13,
          9.525659341175219e-13
        ],
        "cosine_matrix": [
          [
            1.0,
            -0.022962331771850586,
            -0.6585730314254761,
            0.0976129099726677
          ],
          [
            -0.022962331771850586,
            1.0000001192092896,
            -0.01615179143846035,
            -0.40923088788986206
          ],
          [
            -0.6585730314254761,
            -0.01615179143846035,
            0.9999998807907104,
            -0.34427207708358765
          ],
          [
            0.0976129099726677,
            -0.40923088788986206,
            -0.34427207708358765,
            1.0
          ]
        ]
      },
      "layer_2": {
        "norms": [
          0.0010598611552268267,
          0.0007854647701606154,
          0.0005083115538582206,
          0.0006475498084910214
        ],
        "variance": [
          9.623479313783379e-13,
          1.1271423247874446e-12,
          9.63740372228461e-13,
          1.2004649661487288e-12
        ],
        "cosine_matrix": [
          [
            0.9999999403953552,
            -0.025535956025123596,
            -0.6584662795066833,
            0.09771647304296494
          ],
          [
            -0.025535956025123596,
            0.9999998807907104,
            -0.01634707674384117,
            -0.40852802991867065
          ],
          [
            -0.6584662795066833,
            -0.01634707674384117,
            0.9999999403953552,
            -0.343506783246994
          ],
          [
            0.09771647304296494,
            -0.40852802991867065,
            -0.343506783246994,
            1.0
          ]
        ]
      },
      "layer_3": {
        "norms": [
          0.0010622359113767743,
          0.0007867434760555625,
          0.0005087813478894532,
          0.000650375965051353
        ],
        "variance": [
          1.058576837298375e-12,
          7.712576237384194e-13,
          6.153807389878974e-13,
          7.895266471852347e-13
        ],
        "cosine_matrix": [
          [
            0.9999999403953552,
            -0.02467857301235199,
            -0.65757817029953,
            0.09837846457958221
          ],
          [
            -0.02467857301235199,
            0.9999999403953552,
            -0.017879925668239594,
            -0.4116464853286743
          ],
          [
            -0.65757817029953,
            -0.017879925668239594,
            1.0,
            -0.3440556824207306
          ],
          [
            0.09837846457958221,
            -0.4116464853286743,
            -0.3440556824207306,
            1.0000001192092896
          ]
        ]
      }
    },
    "seed_7": {
      "layer_0": {
        "norms": [
          0.0011289009125903249,
          0.0012811108026653528,
          0.0016580389346927404,
          0.0008528277394361794
        ],
        "variance": [
          8.199042031246939e-13,
          7.476974226393318e-13,
          8.461242774135402e-13,
          6.987273173247877e-13
        ],
        "cosine_matrix": [
          [
            1.0,
            0.6695147752761841,
            0.3797043561935425,
            0.07706105709075928
          ],
          [
            0.6695147752761841,
            1.0000001192092896,
            0.06960698962211609,
            -0.3116180896759033
          ],
          [
            0.3797043561935425,
            0.06960698962211609,
            1.0,
            0.8135794401168823
          ],
          [
            0.07706105709075928,
            -0.3116180896759033,
            0.8135794401168823,
            1.0
          ]
        ]
      },
      "layer_2": {
        "norms": [
          0.0011301531922072172,
          0.0012817515525966883,
          0.0016592588508501649,
          0.0008530659833922982
        ],
        "variance": [
          1.1826737505993279e-12,
          7.327398236778304e-13,
          1.4620008762650238e-12,
          6.270666494737065e-13
        ],
        "cosine_matrix": [
          [
            1.0,
            0.6692214012145996,
            0.37913239002227783,
            0.07674013078212738
          ],
          [
            0.6692214012145996,
            1.0,
            0.07002629339694977,
            -0.31101730465888977
          ],
          [
            0.37913239002227783,
            0.07002629339694977,
            1.0,
            0.8138819932937622
          ],
          [
            0.07674013078212738,
            -0.31101730465888977,
            0.8138819932937622,
            0.9999999403953552
          ]
        ]
      },
      "layer_3": {
        "norms": [
          0.0011284032370895147,
          0.0012810903135687113,
          0.001659325323998928,
          0.000852667260915041
        ],
        "variance": [
          8.743514809742003e-13,
          7.15377193247213e-13,
          1.0252777359748277e-12,
          4.3516855700517776e-13
        ],
        "cosine_matrix": [
          [
            1.0,
            0.669021487236023,
            0.3789205253124237,
            0.07704877853393555
          ],
          [
            0.669021487236023,
            1.0,
            0.06997030228376389,
            -0.31078848242759705
          ],
          [
            0.3789205253124237,
            0.06997030228376389,
            1.0,
            0.8143558502197266
          ],
          [
            0.07704877853393555,
            -0.31078848242759705,
            0.8143558502197266,
            1.0
          ]
        ]
      }
    }
  },
  "semantic_separation": {
    "seed_42": {
      "mean_heads": {
        "U_real": {
          "silhouette": -0.08190231770277023,
          "separation_ratio": 1.0210617780685425,
          "per_axis": [
            {
              "axis": 2,
              "separation": 1.2098753359168768e-06,
              "pair": "safe-factual"
            },
            {
              "axis": 3,
              "separation": 1.0154617484658957e-06,
              "pair": "safe-factual"
            },
            {
              "axis": 1,
              "separation": 3.7671998143196106e-07,
              "pair": "safe-factual"
            },
            {
              "axis": 0,
              "separation": 2.5959161575883627e-07,
              "pair": "unsafe-hallucination"
            }
          ]
        },
        "U_zero": {
          "silhouette": -0.08190231770277023,
          "separation_ratio": 1.0210617780685425,
          "per_axis": [
            {
              "axis": 0,
              "separation": 0.0,
              "pair": ""
            },
            {
              "axis": 1,
              "separation": 0.0,
              "pair": ""
            },
            {
              "axis": 2,
              "separation": 0.0,
              "pair": ""
            },
            {
              "axis": 3,
              "separation": 0.0,
              "pair": ""
            }
          ]
        },
        "U_random": {
          "silhouette": -0.08190231770277023,
          "separation_ratio": 1.0210617780685425,
          "per_axis": [
            {
              "axis": 0,
              "separation": 0.5967977046966553,
              "pair": "unsafe-hallucination"
            },
            {
              "axis": 2,
              "separation": 0.3849676251411438,
              "pair": "safe-factual"
            },
            {
              "axis": 1,
              "separation": 0.35978245735168457,
              "pair": "factual-hallucination"
            },
            {
              "axis": 3,
              "separation": 0.3579939305782318,
              "pair": "unsafe-factual"
            }
          ]
        }
      },
      "best_head": {
        "head_idx": 0,
        "U_real": {
          "silhouette": -0.06331219524145126,
          "separation_ratio": 1.0973237752914429,
          "per_axis": [
            {
              "axis": 2,
              "separation": 2.6030174922198057e-06,
              "pair": "safe-factual"
            },
            {
              "axis": 1,
              "separation": 1.688109477981925e-06,
              "pair": "safe-factual"
            },
            {
              "axis": 0,
              "separation": 7.714988896623254e-07,
              "pair": "safe-factual"
            },
            {
              "axis": 3,
              "separation": 6.233458407223225e-07,
              "pair": "unsafe-factual"
            }
          ]
        }
      }
    },
    "seed_123": {
      "mean_heads": {
        "U_real": {
          "silhouette": -0.056086085736751556,
          "separation_ratio": 1.0829106569290161,
          "per_axis": [
            {
              "axis": 1,
              "separation": 1.3777753338217735e-06,
              "pair": "safe-hallucination"
            },
            {
              "axis": 0,
              "separation": 9.578852768754587e-07,
              "pair": "safe-hallucination"
            },
            {
              "axis": 3,
              "separation": 6.948248483240604e-07,
              "pair": "safe-hallucination"
            },
            {
              "axis": 2,
              "separation": 4.886314854957163e-07,
              "pair": "unsafe-factual"
            }
          ]
        },
        "U_zero": {
          "silhouette": -0.056086085736751556,
          "separation_ratio": 1.0829106569290161,
          "per_axis": [
            {
              "axis": 0,
              "separation": 0.0,
              "pair": ""
            },
            {
              "axis": 1,
              "separation": 0.0,
              "pair": ""
            },
            {
              "axis": 2,
              "separation": 0.0,
              "pair": ""
            },
            {
              "axis": 3,
              "separation": 0.0,
              "pair": ""
            }
          ]
        },
        "U_random": {
          "silhouette": -0.056086085736751556,
          "separation_ratio": 1.0829106569290161,
          "per_axis": [
            {
              "axis": 1,
              "separation": 0.9595613479614258,
              "pair": "safe-unsafe"
            },
            {
              "axis": 2,
              "separation": 0.9372973442077637,
              "pair": "safe-factual"
            },
            {
              "axis": 3,
              "separation": 0.8824501037597656,
              "pair": "safe-unsafe"
            },
            {
              "axis": 0,
              "separation": 0.7283666133880615,
              "pair": "unsafe-hallucination"
            }
          ]
        }
      },
      "best_head": {
        "head_idx": 0,
        "U_real": {
          "silhouette": -0.06176907941699028,
          "separation_ratio": 1.0636301040649414,
          "per_axis": [
            {
              "axis": 1,
              "separation": 1.910608261823654e-06,
              "pair": "safe-hallucination"
            },
            {
              "axis": 0,
              "separation": 1.8706869013840333e-06,
              "pair": "safe-hallucination"
            },
            {
              "axis": 2,
              "separation": 1.6666817828081548e-06,
              "pair": "safe-hallucination"
            },
            {
              "axis": 3,
              "separation": 6.170012056827545e-07,
              "pair": "unsafe-hallucination"
            }
          ]
        }
      }
    },
    "seed_7": {
      "mean_heads": {
        "U_real": {
          "silhouette": -0.04718837887048721,
          "separation_ratio": 1.0899299383163452,
          "per_axis": [
            {
              "axis": 1,
              "separation": 2.3064203560352325e-06,
              "pair": "unsafe-factual"
            },
            {
              "axis": 0,
              "separation": 1.0558869689702988e-06,
              "pair": "unsafe-hallucination"
            },
            {
              "axis": 2,
              "separation": 4.397006705403328e-07,
              "pair": "unsafe-hallucination"
            },
            {
              "axis": 3,
              "separation": 3.539171302691102e-07,
              "pair": "safe-factual"
            }
          ]
        },
        "U_zero": {
          "silhouette": -0.04718837887048721,
          "separation_ratio": 1.0899299383163452,
          "per_axis": [
            {
              "axis": 0,
              "separation": 0.0,
              "pair": ""
            },
            {
              "axis": 1,
              "separation": 0.0,
              "pair": ""
            },
            {
              "axis": 2,
              "separation": 0.0,
              "pair": ""
            },
            {
              "axis": 3,
              "separation": 0.0,
              "pair": ""
            }
          ]
        },
        "U_random": {
          "silhouette": -0.04718837887048721,
          "separation_ratio": 1.0899299383163452,
          "per_axis": [
            {
              "axis": 2,
              "separation": 0.902525782585144,
              "pair": "safe-unsafe"
            },
            {
              "axis": 1,
              "separation": 0.689079999923706,
              "pair": "factual-hallucination"
            },
            {
              "axis": 0,
              "separation": 0.43935203552246094,
              "pair": "unsafe-hallucination"
            },
            {
              "axis": 3,
              "separation": 0.3514534831047058,
              "pair": "factual-hallucination"
            }
          ]
        }
      },
      "best_head": {
        "head_idx": 0,
        "U_real": {
          "silhouette": -0.045309990644454956,
          "separation_ratio": 1.0765209197998047,
          "per_axis": [
            {
              "axis": 2,
              "separation": 3.2818643376231194e-06,
              "pair": "safe-factual"
            },
            {
              "axis": 1,
              "separation": 2.6840134523808956e-06,
              "pair": "unsafe-factual"
            },
            {
              "axis": 0,
              "separation": 1.180451363325119e-06,
              "pair": "unsafe-factual"
            },
            {
              "axis": 3,
              "separation": 7.276394171640277e-07,
              "pair": "unsafe-factual"
            }
          ]
        }
      }
    }
  },
  "geometry_correlation": {
    "seed_42": {
      "geodesic_semantic": {
        "corr": 0.44890737533569336,
        "p_value": 0.0
      },
      "euclidean_semantic": {
        "corr": 0.44890743494033813,
        "p_value": 0.0
      },
      "random_semantic": {
        "corr": 0.35931509733200073,
        "p_value": 0.0
      }
    },
    "seed_123": {
      "geodesic_semantic": {
        "corr": 0.5188499093055725,
        "p_value": 0.0
      },
      "euclidean_semantic": {
        "corr": 0.5188499093055725,
        "p_value": 0.0
      },
      "random_semantic": {
        "corr": 0.3957453966140747,
        "p_value": 0.0
      }
    },
    "seed_7": {
      "geodesic_semantic": {
        "corr": 0.5387574434280396,
        "p_value": 0.0
      },
      "euclidean_semantic": {
        "corr": 0.5387573838233948,
        "p_value": 0.0
      },
      "random_semantic": {
        "corr": 0.35913729667663574,
        "p_value": 0.0
      }
    }
  }
}